チュートリアル 100 000 000
操作ガイド    101 000 000
  初期設定    101 001 000
    グループ  101 001 001
    template 101 001 100
    応用設定  101 001 200
  日報を書く  101 002 000
  日報をよむ  101 003 000
  集計       101 004 000
  カレンダー  101 005 000
  通知        101 006 000
  タイムカード  101 007 000
  タスク       101 008 000
  アカウント    101 009 000
  API         101 010 000
  削除        101 011 000
利用料金       102 000 000
  無料お試し    102 000 001
  無料プラｎ    102 000 002
システム概要    103 000 000
  動作          103 000 001
活用例         104 000 000
技術系ブログ    105 000 000
チェックシート  106 000 000
お知らせ      　108 000 000
旧バージョン    109 000 000
  マニュアル    109 001 000
  各種入力フォー 109 002 000
  System       109 003 000
------
10899994